number Of train samples: 9984
number Of batches in an epoch: 78
epoch, loss, trainAcc 

0,0.8745506170142439,0.4124161157852563
1,0.32917827503569497,0.8207632211538464
2,0.23072360967549815,0.8822240584935898
3,0.20305665168884865,0.8939052483974358
4,0.188896289858644,0.9007912660256412
5,0.17449876858342014,0.908165564903846
6,0.1820764622794998,0.9048540164262818
7,0.1821281348728915,0.9048164563301281
8,0.17546217421922636,0.9082845052083334
9,0.17540924377786252,0.9073455028044872
10,0.16893521165051553,0.9083220653044873
11,0.16248318049647933,0.9125037560096154
12,0.1695874908873353,0.9077586638621798
13,0.1648347912462538,0.9098682892628203
14,0.1654775299091774,0.9085411658653846
15,0.15814701029742098,0.911483373397436
