number Of train samples: 9984
number Of batches in an epoch: 78
epoch, loss, trainAcc 

0,1.3505326713600712,0.08507987780448716
1,0.7043026519127328,0.5965388371394229
2,0.24830723262961832,0.8765775240384616
3,0.20016831498103663,0.8902493990384618
4,0.17802740582843182,0.9120905949519235
5,0.16149327010701559,0.918647961738782
6,0.1560508875928246,0.9200721153846156
7,0.15425704113577185,0.9194805438701924
8,0.1462765959495038,0.9218875200320513
9,0.14896594332875596,0.921245868389423
10,0.1458852593473366,0.9213115985576924
11,0.14233987943497192,0.9232146434294873
12,0.13894132747583937,0.9238124749599358
13,0.14001783105503404,0.9229924128605771
14,0.1406910272232795,0.9231176131810896
15,0.13552180275416206,0.9255652794471153
16,0.135757182675524,0.9249705779246794
17,0.1372635230606081,0.923965845352564
18,0.1301219570720323,0.9268579727564102
19,0.13304211477447458,0.9251990685096154
20,0.13623930098214662,0.9238312550080128
21,0.12522853227591382,0.9291115785256409
22,0.13026030980397638,0.9277781951121795
23,0.13069126840975676,0.9257593399439098
24,0.1312625763786713,0.9260817307692307
