number Of train samples: 9984
number Of batches in an epoch: 78
epoch, loss, trainAcc 

0,0.4668226565827416,0.7787710336538464
1,0.6711717869559577,0.31683506109775633
2,0.35328879234558547,0.8381191155849359
3,0.024172306775181892,0.9885347806490385
4,0.01854370171260051,0.9896866235977564
5,0.015686923457830338,0.9908322065304487
6,0.01575846098866238,0.9904566055689102
7,0.01307376850415142,0.9916898287259616
8,0.013735033983516661,0.990897936698718
9,0.012324197931501489,0.9918087690304487
10,0.01121332927457033,0.9923690404647436
11,0.012659652262379894,0.9914769881810901
12,0.011943703591272994,0.9919308393429487
13,0.011392094820048547,0.9921530699118595
14,0.01116410408350816,0.992153069911859
15,0.011447088824151299,0.991786858974359
16,0.011647908696768794,0.9918275490785255
17,0.011152677484234692,0.9921781099759615
18,0.010606342446582057,0.99253180088141
19,0.01066394643111946,0.9924379006410258
