number Of train samples: 9984
number Of batches in an epoch: 78
epoch, loss, trainAcc 

0,0.16220400578030952,0.9051106770833335
1,0.013536293212005916,0.9915802784455126
2,0.011648389819205386,0.9921311598557692
3,0.01164095921007689,0.992200020032051
4,0.01101975157094012,0.9923815604967949
5,0.01081143001890104,0.992350260416667
6,0.0103723091904764,0.9927759415064102
7,0.00995693459480675,0.992882361778846
8,0.011037953930227233,0.9918807592147441
9,0.010567800518455375,0.9922751402243593
10,0.011032250912133772,0.9923189603365383
11,0.010821774318363018,0.9918870192307693
12,0.009857780847252043,0.9925380608974357
13,0.009705894016025103,0.992800981570513
14,0.01038954662942176,0.9923064403044871
15,0.010144851621995028,0.9925944010416665
16,0.009397341941553438,0.9928573217147437
17,0.008819213416498745,0.9933330829326923
18,0.010709316552321154,0.9917743389423077
19,0.00976237564396587,0.9926632612179486
