number Of train samples: 9984
number Of batches in an epoch: 78
epoch, loss, trainAcc 

0,0.13318239770424845,0.8983905498798074
1,0.007589592764293769,0.9960436698717949
2,0.006227740216690215,0.9966696714743589
3,0.006270033745605699,0.9964505709134616
4,0.0059774688006501465,0.9966884515224359
5,0.005155469796501828,0.997035882411859
6,0.005065840373236514,0.9969951923076924
7,0.004585988542467408,0.9971391726762819
8,0.0051573705335838825,0.996754181690705
9,0.004852524433286239,0.9970296223958335
10,0.005264863066345533,0.9965695112179487
11,0.0045072106496989554,0.9971016125801283
12,0.005051453778250078,0.9966790614983977
13,0.004945639516319868,0.9966540214342947
14,0.004325210903196982,0.9970045823317305
15,0.004590054170835845,0.9969138120993587
16,0.004751852256862153,0.9967980018028846
17,0.004563288127569918,0.9967447916666667
18,0.004656824179546959,0.9968449519230769
19,0.004298795373955704,0.9968699919871795
